0 3455
1 2081
2 1372
3 3971
4 2509
5 57
6 4320
7 3390
8 2265
9 3108
10 2772
11 4439
12 2594
13 3874
14 3812
15 271
16 762
17 2221
18 490
19 3213
20 2458
21 0
22 1706
23 1649
24 326
25 597
26 3258
27 3120
28 3539
29 3025
30 3529
31 535
32 615
33 2054
34 2571
35 1099
36 3100
37 3305
38 2688
39 2696
40 4026
41 997
42 3940
43 2970
44 3894
45 3158
46 2514
47 2429
48 573
49 1748
50 2792
51 2763
52 2128
53 1015
54 4063
55 1067
56 72
57 4095
58 2997
59 1410
60 3583
61 3259
62 1636
63 1968
64 2663
65 1753
66 2184
67 3678
68 4455
69 2528
70 3293
71 1893
72 3106
73 2803
74 91
75 2744
76 4382
77 33
78 990
79 3820
80 2453
81 1044
82 147
83 2255
84 455
85 4127
86 132
87 2086
88 1028
89 2992
90 2080
91 2823
92 266
93 4184
94 2041
95 2660
96 2416
97 4175
98 1605
99 2511
100 3702
101 1550
102 3399
103 3257
104 3089
105 4261
106 2981
107 3153
108 4474
109 2276
110 3056
111 3788
112 4096
113 1321
114 810
115 4144
116 2597
117 1035
118 4231
119 4
120 1719
121 2318
122 2550
123 2841
124 776
125 2724
126 129
127 2434
128 2420
129 3362
130 1385
131 449
132 2060
133 2682
134 1578
135 3033
136 2091
137 3271
138 112
139 3596
140 1357
141 1062
142 2305
143 1254
144 2450
145 1452
146 2540
147 2245
148 3537
149 3420
150 2171
151 3612
152 4150
153 4165
154 3222
155 4003
156 1140
157 4434
158 304
159 3017
160 928
161 4101
162 1277
163 3511
164 2698
165 1489
166 88
167 3364
168 1463
169 2447
170 1620
171 3857
172 1406
173 1470
174 2042
175 2504
176 335
177 2956
178 3715
179 22
180 7
181 2747
182 1898
183 739
184 217
185 2984
186 3323
187 1013
188 3026
189 1837
190 2121
191 3884
192 3926
193 3398
194 185
195 1896
196 2161
197 610
198 2818
199 804
200 826
201 677
202 901
203 920
204 4085
205 3093
206 4487
207 1728
208 4470
209 3382
210 584
211 1763
212 3473
213 3064
214 1810
215 1863
216 3758
217 1260
218 1483
219 642
220 2880
221 4116
222 3723
223 2180
224 4359
225 3016
226 1497
227 1017
228 868
229 3279
230 3344
231 764
232 1828
233 3045
234 671
235 337
236 3605
237 613
238 659
239 971
240 403
241 2023
242 4371
243 285
244 1194
245 197
246 461
247 1373
248 1468
249 3992
250 2670
251 127
252 15
253 4203
254 470
255 3233
256 1909
257 917
258 3688
259 184
260 1523
261 3236
262 1176
263 1984
264 985
265 3833
266 60
267 3489
268 2282
269 3419
270 4523
271 2608
272 3060
273 73
274 1520
275 4332
276 113
277 3948
278 24
279 786
280 121
281 4083
282 3912
283 4137
284 3151
285 4423
286 3206
287 4307
288 3058
289 1228
290 3359
291 4040
292 651
293 4374
294 2662
295 368
296 1221
297 4480
298 2365
299 551
300 3173
301 967
302 1548
303 2269
304 3078
305 1312
306 69
307 153
308 3129
309 4290
310 1517
311 4279
312 2134
313 1039
314 3831
315 2486
316 2290
317 1158
318 4520
319 1438
320 2968
321 347
322 4011
323 2998
324 2313
325 4549
326 419
327 13
328 4448
329 2300
330 3021
331 1375
332 3490
333 2292
334 2045
335 3226
336 2833
337 1143
338 1376
339 1559
340 3564
341 2074
342 4082
343 1532
344 1537
345 4528
346 1777
347 3019
348 2326
349 322
350 4385
351 162
352 3084
353 3285
354 3665
355 4379
356 2367
357 4156
358 3453
359 3001
360 3896
361 501
362 3836
363 3773
364 2352
365 1269
366 1179
367 566
368 3904
369 648
370 2551
371 3300
372 1940
373 3647
374 3457
375 3559
376 190
377 354
378 1727
379 4478
380 2659
381 1958
382 2764
383 3341
384 993
385 945
386 3868
387 4172
388 1308
389 1427
390 2636
391 1571
392 4236
393 1589
394 572
395 4021
396 770
397 3439
398 539
399 248
400 2941
401 2673
402 690
403 3424
404 1560
405 828
406 1700
407 763
408 3780
409 2719
410 845
411 2683
412 3500
413 4500
414 2329
415 2142
416 3958
417 2558
418 3204
419 2627
420 1867
421 2315
422 840
423 784
424 507
425 2299
426 1202
427 3274
428 3561
429 49
430 371
431 3932
432 668
433 2674
434 3636
435 3217
436 2192
437 908
438 4163
439 3804
440 351
441 4531
442 4432
443 4222
444 19
445 3870
446 3218
447 2630
448 2979
449 2553
450 2692
451 3092
452 3637
453 1059
454 487
455 1547
456 2869
457 2194
458 182
459 475
460 2129
461 2935
462 150
463 325
464 1414
465 56
466 847
467 2357
468 3676
469 2746
470 1183
471 4044
472 3449
473 3160
474 395
475 2533
476 3282
477 1247
478 2385
479 4131
480 1629
481 102
482 1104
483 3036
484 4498
485 1000
486 1235
487 4036
488 2436
489 4269
490 3843
491 2030
492 1409
493 3333
494 3148
495 2516
496 665
497 2239
498 4241
499 3184
3466 1
937 2
5233 3
8579 5
10310 6
15931 8
17038 9
18720 10
19607 11
4135 12
14924 765
18233 14
16258 16
1854 2532
4583 17
9572 18
10841 20
13056 21
14982 23
16310 25
19640 3154
23855 26
24372 27
24814 28
15959 4683
19865 29
23344 30
24009 4684
24444 31
896 32
7188 34
7277 35
16766 36
16770 37
16858 38
17113 39
17389 40
18408 41
18866 4604
19089 42
19992 43
20033 44
21968 157
23429 349
24578 1362
2655 1177
2846 2500
9458 282
17968 591
20008 1769
25866 1770
13614 3091
19084 1771
1375 1666
5555 2215
5564 2216
5787 1676
5993 1775
7459 1776
7689 1443
7712 2205
8916 2217
9522 1778
9721 877
10158 878
10942 280
13600 879
13929 880
14102 2156
14485 881
18517 608
19738 882
21075 456
21316 320
22598 883
22900 884
23293 2529
23637 45
23647 46
23770 47
25143 48
25601 50
25980 51
9273 52
9325 53
9710 54
14818 55
16324 58
1373 59
1588 61
1787 62
15814 63
18540 64
19791 65
22100 1751
24696 66
2654 1971
3113 4572
5246 67
10524 68
10762 70
11223 71
12337 74
15419 75
16056 76
18924 77
19807 78
624 79
3731 80
4743 1556
5407 81
6610 2401
6700 1558
8045 82
9099 83
9639 84
9785 1699
12141 85
15184 86
15784 87
18719 89
19870 90
20532 92
22527 93
23576 94
23577 95
23649 96
24199 97
24293 98
25201 99
546 100
4013 101
8641 103
16640 104
19922 105
26038 106
26098 107
2249 108
3316 1882
5957 109
6077 110
6611 111
6635 114
7716 115
8672 116
9759 117
11233 118
11865 119
12118 120
14090 122
18397 123
19955 124
19980 125
21832 126
24110 128
24559 130
25541 131
5052 133
899 134
1796 135
2287 136
3096 137
3386 138
4472 139
5346 140
5740 141
6094 142
6376 143
9124 144
10235 145
10427 146
10597 148
15159 149
16148 1661
16741 151
18235 152
18549 154
19297 155
20511 1557
20595 156
20613 158
24371 2555
24731 3022
25102 1711
25271 165
25396 587
22415 589
727 781
6375 2664
10519 505
11861 607
18580 2699
18623 2707
20217 2708
23297 2709
25436 2335
4027 2710
6732 2418
7442 2711
7450 2712
12806 620
13955 2684
15235 2713
17207 617
18286 2714
23967 815
941 576
3178 816
13712 2543
16727 2700
22321 2701
23151 1607
23383 1609
23614 3023
25442 2328
5634 3024
1658 1845
4822 1935
6864 1933
7926 1843
10268 3558
12971 1844
18600 556
20421 1934
20886 3306
21048 3096
22393 3307
23186 1972
23214 3099
23298 3308
23945 3309
24939 3310
2368 3311
18511 3312
22366 1441
1310 2647
1386 3313
1738 3314
2566 3315
2720 3316
4700 3317
5606 479
9870 366
16779 467
24475 579
25931 252
5125 435
8053 438
8517 443
10243 454
11785 2951
24620 458
1023 3925
2512 481
12101 632
20850 4524
20924 554
1985 638
9763 558
21657 561
1765 532
2710 289
3032 557
5302 1231
7383 559
7768 1169
13276 538
17266 562
18757 4566
22184 563
23708 3090
11891 564
14967 1170
20243 3027
25408 1846
639 543
733 1232
2752 1951
3171 397
4241 1952
6941 1772
10055 1953
19149 1954
19233 1955
19340 1956
20597 1957
23458 1634
23939 1435
1254 1645
2250 1646
4255 1709
4748 1710
4771 1675
5251 1712
5385 3318
5621 3319
7717 819
8335 1859
9755 1860
11015 1861
13322 1862
13714 1788
14767 1864
15305 275
17439 2770
18256 273
18337 1518
18619 1519
18751 789
18971 1027
19216 1554
20100 1129
20534 1522
25205 1555
6465 3182
6823 2012
11563 3183
14123 1858
15891 1865
17385 817
6172 342
8592 1866
19464 1868
23968 577
2620 1869
5712 473
6219 376
7615 1222
13847 1870
14003 272
15244 1506
18160 1510
18227 1512
20168 1023
24453 1567
24568 802
1595 793
1910 1568
2293 1503
2501 1505
4554 1508
5717 166
8552 374
9316 375
13371 377
14615 378
16498 379
17187 380
17939 381
21587 382
23038 602
24160 383
25354 384
1941 385
7350 386
15846 269
11241 387
12860 388
17850 389
18487 390
20620 391
21432 392
21707 228
22691 393
22834 394
23452 396
25053 357
12380 1419
6023 1540
19682 1541
22275 1542
1620 1543
3310 1544
3909 4225
3922 795
4624 796
5107 797
6468 798
9133 799
9895 800
9907 801
10096 803
10711 433
11791 432
14864 755
17626 756
18457 1871
19131 221
19997 1552
21491 1145
22426 1108
22791 969
25158 1323
25316 364
4575 1319
14627 1849
1172 3098
1838 1872
3441 1148
12733 1873
26194 1874
7645 1875
13352 1876
5287 1056
3449 1877
15353 1878
17979 951
3593 1879
6513 1880
17275 1156
25138 1850
9471 822
17944 1324
3730 1881
9713 1215
11026 1408
11868 1883
17414 1154
17603 1884
21321 1885
22376 1157
24295 1886
3420 1851
10130 3714
16032 1887
2485 1160
2949 1888
3937 1889
14265 3094
23382 1890
570 1891
773 1892
824 1131
1653 431
2133 806
2212 814
2741 497
2952 1894
3372 1895
4046 1897
4164 1899
4511 1900
4513 1901
4846 1902
5262 1903
6179 1904
6830 1905
7956 1906
8879 1907
11082 1203
11472 1521
12365 1524
12496 474
12678 436
12781 437
12851 440
12928 442
14419 444
14540 445
14807 447
15003 448
15659 452
16159 453
17330 359
17655 457
17692 459
18894 462
19423 3510
19961 465
20108 466
20562 468
20635 471
21012 472
21281 476
21508 477
21847 478
22779 480
22798 482
22887 485
24955 489
25346 1226
25758 429
934 1227
5579 493
10550 486
17331 498
20644 488
22497 1908
23387 771
23907 772
24924 1910
25080 264
1728 875
5656 1025
6082 1026
12927 1911
18488 1912
22610 1122
23107 1693
3231 1913
3719 1914
4705 3112
4773 1924
5067 2964
6411 2965
6907 3110
8072 820
8261 830
8375 2238
8549 2240
8823 2241
9025 1991
11464 865
13649 2242
16352 2243
17997 841
19545 2244
19808 2246
21931 964
22369 2482
25060 1930
25289 1931
2560 2733
3839 844
4146 3029
4632 207
7384 1389
10926 871
12553 2717
13164 1384
13837 1388
14512 2626
16594 2721
16674 3121
17250 3067
18668 2126
20774 2588
2115 4067
11910 4068
8721 818
10532 823
15005 862
16022 863
16174 864
17589 829
18648 183
731 330
1186 2549
1694 2552
7209 2556
7844 2585
8503 2586
11148 2587
12085 2720
13597 2620
16722 2280
16726 1381
16876 2715
20662 3724
21860 3725
22837 362
9643 1309
15683 1239
19923 1310
20664 1311
21824 1313
25359 1314
580 180
6431 187
1000 3717
22177 450
25948 292
676 1173
2049 427
9915 1174
13220 294
16729 298
21798 299
6774 1270
8049 1175
11964 301
15538 428
16694 302
22457 560
2980 305
5434 422
5578 307
9889 3034
10383 312
13319 313
14552 2850
15585 2523
16115 315
18579 2844
21583 257
22937 434
5510 316
6810 686
6963 987
10039 1916
13636 1917
16696 1918
17739 1919
19605 757
2558 758
2982 1920
9482 1921
18910 1922
21910 759
5838 1042
11572 1043
18065 760
21630 807
950 1003
6056 1413
10910 1415
12422 1416
15528 2454
21379 344
24023 1417
25777 1759
25940 1418
1234 1420
1841 1421
1997 1422
2404 331
2450 1029
3409 204
5134 205
9341 1423
12503 1424
13060 1033
16611 1425
18208 1426
18543 2443
22421 1762
23363 3713
23628 1764
25251 1765
2307 1766
3066 1767
6934 1032
7991 1768
8116 1915
10549 265
11609 3260
15384 418
16946 420
17612 421
4036 423
4115 424
12938 425
13032 426
13364 3425
19215 291
22726 430
22966 439
23511 441
25528 446
25836 451
3872 460
12409 463
16470 464
17822 469
3173 483
3853 484
3927 491
3939 194
5218 492
5230 494
6030 495
7504 496
7601 499
8718 500
11621 502
12498 503
12691 504
15251 506
16020 508
16261 509
17156 510
18622 511
19059 1330
19525 512
20122 513
20432 514
21866 515
22074 516
23721 517
12637 518
13615 519
5674 520
4638 521
16607 522
23909 523
1074 193
1858 191
4512 195
6892 196
8280 189
14542 1295
17751 171
18095 186
18143 192
18649 159
18943 524
19573 525
22601 526
22793 527
1545 528
2074 529
5116 530
9829 531
10996 533
12212 534
14067 536
15657 537
17800 540
19080 541
20427 542
25565 544
12406 545
5266 546
12664 547
5672 548
7824 549
8815 550
12065 552
14558 553
15306 555
15400 565
17268 567
22528 568
22832 569
2081 570
2664 571
13528 574
14628 575
22574 578
25872 580
8710 297
22483 581
8312 582
10765 583
17538 3545
25978 1366
14952 1315
1840 1669
4713 2736
6824 1848
12492 3543
2309 3544
4211 3404
6532 1274
7104 3546
8553 3547
9649 3548
10251 1218
11670 2648
11876 2649
17294 2650
17808 2651
6364 2652
6494 2653
6857 267
13556 2654
2155 1341
5078 2655
25172 1346
11468 2656
11470 724
17804 2548
2200 338
7007 4273
8807 175
11032 339
17729 340
20052 341
21830 343
2591 345
8932 346
9188 348
9773 350
12334 270
13713 352
17536 353
19179 355
23880 160
2556 161
5136 163
7801 164
11275 167
14089 168
17778 169
20683 170
21699 172
25215 173
25382 174
8851 176
13008 1549
16101 177
22758 178
8612 179
615 181
743 188
2076 198
4515 199
5773 200
10822 201
11175 202
11604 203
14004 206
15552 208
16083 209
17932 210
20001 211
23481 212
9306 213
10590 4567
12308 214
12606 215
13501 216
15935 218
16216 219
18276 220
19107 222
23145 223
4269 224
7245 225
19159 226
26159 227
26190 229
7893 230
16778 231
18051 232
7014 233
7533 234
21027 235
25189 236
2055 237
1425 238
2883 239
4015 240
7105 241
23841 242
25286 243
4983 244
5365 245
9360 246
15144 247
811 249
15123 250
21776 251
10825 253
13801 254
19168 255
20119 256
20236 258
21543 259
22197 260
1356 261
1727 262
4125 263
6667 268
6825 274
10351 276
16676 277
21194 278
573 279
9800 281
10896 283
20716 284
20915 286
22848 287
2239 288
22894 290
5408 293
12763 295
19609 296
10912 300
14534 303
19783 306
21705 308
22836 309
11638 310
3827 311
4442 314
8595 317
11924 318
14559 319
14691 321
21125 323
24398 324
25437 327
25896 328
2959 329
3677 332
4708 333
5172 334
5541 336
5794 356
5807 358
6575 1633
8458 360
10601 361
11401 363
13026 365
13205 367
13659 369
13989 4568
14007 370
14009 1047
14599 1941
15301 1134
20934 1135
25916 1136
26023 1137
26051 1138
26100 1139
7579 1635
13190 953
23751 1829
25469 1647
11183 1464
15793 1697
13318 1689
2341 4027
2761 4028
14661 4029
17794 1698
7204 4030
12545 4031
15329 4032
18140 4033
18724 4034
18739 2346
20954 2813
23991 1095
24057 1089
5181 1097
5435 1109
18091 1110
23559 965
24456 1111
24431 1112
4550 2851
8222 931
11416 1005
21495 2452
25006 958
2047 1127
3632 1382
3716 1793
8391 1383
11182 2122
14497 2123
15383 2314
24101 2409
24385 2407
13196 2408
9659 2125
25607 1297
10879 1486
11052 1478
11925 1479
15082 2143
18595 2155
1488 2157
1561 1374
1667 1472
4484 1473
20315 1474
22379 1475
1776 1476
4697 1477
9143 1480
9184 1481
11107 1482
12056 1484
12135 1485
12688 1487
13096 1488
13520 1490
13624 1491
14647 1492
15477 4074
15816 372
16649 373
18331 398
18736 399
19433 400
19945 401
20879 402
21943 4338
6512 4569
4376 404
18246 405
25209 406
1327 407
6738 408
25863 409
953 410
5194 411
6828 412
25319 413
12389 414
14351 415
15718 416
16506 417
21650 1528
22336 1566
22502 1075
10381 2564
12842 2566
18973 3228
19207 1074
19580 1121
22721 869
7025 2995
19161 4570
21831 4571
1995 872
2338 873
2449 2996
2530 1509
2535 2001
3076 2010
4355 2011
4755 727
5210 2317
6340 2319
7197 2320
7444 2321
7635 2322
8727 2323
9313 2324
9656 2613
9869 585
10350 594
12507 590
12710 586
14648 588
14766 655
15010 1206
15245 1207
15457 1168
15933 888
16654 1171
17807 1208
18225 2517
18453 4059
18778 2085
19114 2087
19446 2089
19645 4060
19939 2092
20346 2093
20574 2094
20576 4061
21178 2098
21629 2099
22504 2100
23712 2101
24718 2102
8087 2103
15081 2105
15523 2106
17339 2107
19711 2108
20307 2109
20660 2111
5840 2112
8614 2113
22609 2114
4466 2593
5497 2616
7899 2617
10983 2618
17738 2619
7264 1193
11447 4062
15625 4064
15917 4065
18790 4012
20478 766
3679 768
4364 921
19445 938
19495 939
1116 940
15399 941
18222 1088
21287 1090
23227 1091
574 1092
6421 1093
6971 1094
8224 912
11696 913
13282 914
15409 915
18745 916
18758 918
19489 919
21497 922
22778 923
23441 924
25698 925
3651 926
6351 927
4766 929
5143 930
5175 932
9735 933
17396 934
26138 935
10794 936
7050 937
25850 1096
10113 1098
10657 1100
12130 1101
17172 1102
7042 1012
9943 1103
11661 1105
15614 1106
16368 1107
17285 1113
21407 1114
21994 1115
11077 1116
16006 1117
22621 1118
22693 1119
22951 1120
23110 974
23920 1123
25589 1124
16521 1125
20517 1126
24029 1128
7811 1130
10456 1132
11746 1133
13411 960
19954 1016
21800 834
22269 962
3243 1024
3890 949
7985 1030
12306 1031
16994 1034
10026 3211
15316 3212
23470 3128
24148 3214
1339 3209
3164 3210
15580 2349
16393 899
20956 2347
11613 2348
17131 2530
22917 2531
8824 1948
14547 2518
18182 1821
25272 2975
2661 1292
8067 746
8208 1209
11132 2061
11402 2062
12980 2063
14969 2064
16389 2065
18109 1959
18365 2972
24845 2706
25379 2973
2059 894
6482 2974
22372 1290
4180 1387
12679 1430
8701 1433
5639 2070
11612 2702
17875 1692
20116 2703
23095 1439
24944 2704
25684 2705
10041 3562
13995 3565
8922 1990
9283 1233
9488 1234
17182 2534
18681 1281
3595 1187
18174 2771
4382 2773
26141 1275
5769 1276
11053 851
23403 1278
18723 1279
21090 628
3280 1280
869 1201
3618 1320
14709 1326
4952 3844
17859 3845
23134 3846
19387 3847
22144 1188
12981 1189
1265 1165
1839 4157
3063 4158
3502 4153
4446 2774
6009 2775
6896 2776
9736 2777
9980 2778
13470 870
15126 874
16881 876
17828 2868
18210 2857
19140 2858
19316 2866
23864 2867
25910 2870
25917 2871
6944 2872
12660 2873
14372 2874
26178 2875
1278 2876
6218 2877
16743 2878
25996 2879
11102 896
14991 897
25516 898
1832 900
4383 4051
9397 2097
14344 2025
14385 2923
24163 2924
2420 2082
22423 2083
4576 2084
7206 946
7485 2115
9241 950
9389 1402
9426 2116
10246 2117
17953 2118
18946 1938
18983 731
19013 1946
22644 2119
23986 2120
26170 1081
4555 2559
21995 1045
7522 1046
8715 1048
9255 1049
20065 1051
22476 1052
23910 1053
25572 1054
25582 1055
6804 1057
19624 1058
1958 1060
9216 1061
10895 1063
16162 1064
19019 1065
22507 1066
22556 1825
5061 2575
20317 2576
4068 948
8768 1068
9937 1069
9993 1070
16210 1071
16414 1072
17289 1073
21165 2578
23051 1076
4642 1077
16708 1834
1078 1078
5164 1079
9387 1082
11640 1083
17116 2919
17721 1085
19741 1086
22149 1839
10819 1087
11231 2124
12149 1080
12654 2568
20129 2153
21754 1307
23114 3501
24270 1602
13740 2430
4702 2431
14128 2432
19527 2433
19784 2338
25486 2339
1407 2340
3999 2331
4552 2013
8211 2332
9862 2498
11801 2917
12373 596
12968 782
13142 1391
15108 2732
16967 1184
17308 1338
20059 1299
8305 1300
12286 1301
22771 833
8219 1322
12665 1339
15321 1340
20647 1342
20827 1343
2805 1344
836 1303
1511 1345
3718 1305
4249 1306
7511 3261
14834 747
16747 748
18193 740
5695 741
5901 742
22082 743
4416 744
8063 745
8972 2971
9419 705
9511 1190
15559 3294
7882 2014
21588 1191
4258 1192
4896 633
5608 1852
5771 635
6675 593
7386 614
9194 660
12247 661
16264 639
17401 640
17797 641
18741 662
19895 663
20148 664
22620 666
23741 667
25107 669
25439 670
894 1847
3412 2203
4814 2204
5441 1335
5934 3097
9075 2987
10623 2658
11491 3426
11712 3427
12659 2657
21324 952
21665 2316
22734 1493
23246 1494
21718 1495
22290 1496
24113 1545
3630 2455
4283 2456
4966 2457
5953 2139
6408 2140
7307 774
7715 836
8920 1361
15880 2141
16817 2144
19493 2145
19657 725
23256 726
24001 683
1594 1926
1897 728
4588 729
5602 730
6024 732
9030 733
14496 734
17464 735
17590 866
18042 1527
21315 2371
22770 1789
25056 2374
9125 1149
15943 1967
4023 2372
22394 1151
12287 2361
15455 2373
17075 1546
1229 1551
16331 1553
17911 2459
19184 2002
20702 2005
25225 2006
26127 2033
543 2038
547 2034
1829 2035
1982 767
3501 769
4458 773
4989 775
5848 2460
8387 2461
9092 2462
12453 2463
18125 2464
18870 2465
19675 2466
20062 1286
22464 2077
22493 2467
23693 1329
24833 2468
25204 1294
6064 2334
9439 2226
10907 2233
16575 2666
6390 2679
5109 2642
20101 2643
23096 1925
2803 1927
8862 991
4877 703
8254 988
12155 688
24932 1928
17379 1929
2465 1932
2592 3881
3977 3882
5055 3883
9265 3827
19890 3829
20341 3828
21560 3830
888 1651
1520 2799
6627 1708
18676 2809
23351 2810
23689 2804
24114 3164
9264 3165
17426 3166
11919 3167
1403 3168
3561 2414
4195 3169
7069 3170
9098 2441
12587 1836
14638 3185
15365 3186
16931 1498
21723 809
22046 704
24587 706
10969 1465
13321 999
16958 1007
19109 3518
23346 3519
1711 2525
1963 3520
2915 2095
4302 3521
8475 3522
17359 3523
19022 3524
23558 3525
26181 3526
17245 2742
23943 3527
8408 3528
17286 3530
17443 3531
1672 3532
8079 3533
11461 2978
12739 1293
13388 652
16755 1779
13310 1167
1350 1780
23224 699
18037 1744
9987 1745
21554 1225
23423 1746
17309 1747
2193 650
3917 1282
6858 701
8148 702
12478 678
15366 675
18398 676
21806 679
26196 680
5547 681
5659 682
5812 684
6434 685
7883 687
12313 689
15160 691
16976 692
17248 693
19325 694
20853 695
21205 696
22831 697
1280 698
11591 700
16921 1195
20207 1196
1014 1197
3743 1198
5209 1199
13480 1200
19150 1204
25902 1205
1817 1210
3725 1211
5366 623
15911 1212
10115 1213
10134 1214
23916 1216
593 629
12627 1217
1008 1219
2185 1220
8369 644
9082 604
11824 647
12066 891
12386 1223
13333 1224
16888 886
20808 1229
21815 825
23896 855
7103 1230
18592 852
22765 626
13385 1236
19578 636
21615 1237
8978 1238
9017 646
15170 832
16589 1240
2255 1241
3056 1182
6158 1185
7324 1186
8365 595
9023 598
11444 601
12324 1242
12472 603
13831 1243
14746 1172
16128 649
18875 1244
19900 622
20000 624
20806 625
21944 627
23302 630
23665 631
23758 634
24722 637
12045 643
14181 645
20257 1245
21613 1246
16801 1248
24219 1249
1090 1250
2789 1251
3418 1252
3765 1253
7154 1255
11047 1256
14319 1257
15663 1258
16937 1259
18052 1261
18788 1262
18940 1263
20258 1264
25597 1265
8376 1266
8888 1267
13067 1268
8876 1271
2503 1272
5465 1273
18141 968
20663 1283
2182 1284
3990 1285
4080 1287
8732 1288
10022 1289
10406 1291
13346 1296
14932 2225
15166 2190
16659 3247
19093 3248
19324 3249
20373 3250
20567 4075
22377 3251
4213 3252
7045 3253
11892 3254
20645 3907
23264 3908
8367 3909
15198 3910
18067 2353
18297 2354
19781 2355
10600 2356
13493 1180
13496 2358
18791 3352
23394 1949
2165 1950
10211 2359
14176 2075
14430 2078
15300 2675
15617 2676
7510 2677
1343 2678
2991 4122
8299 4123
15416 4124
18088 4125
2630 672
6724 1811
7563 1812
11812 1939
14403 1942
18217 605
24248 1947
9432 1816
10000 1817
17337 1815
19219 1822
19557 1533
21634 1823
1248 1824
20641 2665
24762 2667
7125 861
21544 856
1323 805
1606 859
6264 860
10490 2330
13966 2229
14377 1166
15311 1152
16872 955
22225 1178
23506 1181
23620 2068
7573 2071
8193 592
16576 599
16889 600
18521 606
21391 609
25378 611
3197 612
6160 616
8589 618
9417 619
15972 621
17228 4336
19090 653
19475 654
22790 656
25228 657
5166 658
12639 1814
12701 994
18879 1434
2783 998
9408 1818
19350 1819
25959 1820
1006 1011
8968 3394
16010 3395
21142 3396
24060 3397
4525 2728
6337 848
25419 1627
832 850
3387 893
4703 895
7447 853
9764 854
10117 2947
14340 2209
14370 2948
15006 2949
16231 2888
16590 3334
16730 3335
19957 2067
21848 3118
22320 1327
24841 3905
13013 3132
18899 3982
17569 3983
14376 1325
1044 3984
18867 2384
24943 1813
12311 1826
12675 1827
16906 903
4975 1830
5809 1562
16123 1831
20303 1832
1058 1833
4104 1835
4431 1838
4967 981
8471 911
11152 736
15616 1840
16262 1841
18995 1842
19562 1781
22087 1782
22109 3809
22839 812
23683 813
24477 1794
16270 3393
17956 3328
20375 3869
1508 3906
6815 3329
8279 3330
20391 3331
3293 3332
8786 3974
8505 3975
16357 3976
22899 3977
25710 3978
4775 3979
7095 3980
9138 3981
20229 1318
20230 1298
3053 1499
2742 1500
3965 1501
5622 673
7855 674
8928 707
18375 708
11093 709
2823 710
7317 711
9127 712
23299 713
11806 714
19110 715
9517 716
11400 717
11630 718
11700 719
11733 3507
11951 720
12268 721
14093 722
15685 723
16495 737
17135 738
20169 749
22188 750
22189 751
22811 752
22975 753
23509 754
23552 761
23805 777
23806 778
25557 779
25562 780
1311 783
1321 785
1430 787
1685 788
1877 790
2042 791
2075 792
3873 794
3983 2066
4182 1741
10439 2017
21089 2018
21156 2019
21162 2020
1093 2022
3059 2024
25903 2026
3312 2027
11493 2028
19974 2029
24753 2031
17394 2032
4353 2206
6558 2207
6920 2425
14865 2208
15941 1534
16877 3178
25112 2210
11372 2211
19355 2212
22018 2213
25660 3440
4138 3448
11318 2539
11325 2350
11328 3082
12720 4183
921 3083
18605 2791
21158 4020
2335 3080
5605 2609
6288 2235
6702 3703
11490 3704
12070 3705
16108 2247
17174 2249
17924 3669
25402 3215
4960 3216
16347 2541
14854 2542
25304 2544
1347 2545
4782 2546
15582 2547
17472 1853
19707 1854
21930 1855
24835 1738
24959 1856
2870 1857
9207 1923
22555 3141
4870 3142
8282 3143
4868 2076
8352 2495
8231 3144
9616 3145
2852 3146
12599 2438
25721 3171
25827 3841
2797 2440
9314 3159
12291 2780
13292 2781
13320 2779
2532 2782
5411 2783
5503 808
10390 811
11186 2183
8157 3901
2120 3902
7713 3903
19052 2202
8302 1703
16484 2601
13422 3052
16349 3086
17543 1529
11788 1530
523 1531
5464 1535
7774 1536
18008 1538
23385 1539
25868 2885
20550 3470
13653 2448
22599 3354
2922 3357
6891 3358
10162 3474
10620 2351
11112 1569
13174 2039
23153 2040
24340 2163
18625 2164
4493 1363
23720 1988
3877 1989
4354 3124
5412 1961
5827 2567
6527 1993
6544 1396
7357 2565
7719 3125
10477 3126
10881 3127
11445 3130
12788 3131
18185 1724
18904 1725
19246 1726
19463 1729
20780 1730
21861 1936
22284 1937
22741 1943
23514 1944
5367 1945
14983 2697
19144 2695
22530 2341
9093 821
13680 824
7895 827
11863 831
12110 835
2306 837
8446 838
1896 839
6838 842
25220 843
2504 846
9922 849
19585 857
7829 858
8973 867
14600 1618
19101 2146
23138 3568
4774 2147
5673 2148
15382 2922
16717 2308
19603 3031
4673 1613
8074 1614
14541 1621
15127 1622
17754 1626
18524 1630
12187 1631
7087 1502
1859 3805
4298 2336
7911 1742
15192 2342
17274 2343
18941 2344
20902 2345
4756 1739
4765 1740
6524 1743
8666 2690
11923 1628
23477 2251
6442 1603
10024 2256
17681 2257
20587 1590
1563 2258
2087 2390
2457 2391
2993 2392
3534 2393
4377 2394
4639 2397
5065 2598
6271 2621
6387 1733
7013 2185
7023 2622
13404 2623
14379 2624
15145 2625
15562 2607
15708 2628
15714 1694
15805 2629
17345 2631
17580 1467
17584 2632
18396 2633
18952 2634
19677 2635
20231 2236
23241 1471
24616 4159
24617 1020
24819 1021
3508 1022
12641 885
13068 887
23723 889
6642 890
17277 892
18209 1432
11939 3716
17191 902
17874 904
3804 3719
22979 905
1157 906
6305 907
7726 909
14870 910
14872 3701
16334 3392
20316 3275
18772 2881
885 3776
2505 3777
17192 3778
12296 3779
5355 4210
6863 2490
15770 3633
21322 942
22265 943
23099 944
25111 947
4289 954
12160 956
19809 957
6895 959
4319 961
12758 963
22023 966
3037 970
9712 972
10726 973
10801 975
16482 976
17990 977
19146 978
22699 979
12040 980
17249 982
8198 3181
13010 983
7463 984
12786 986
13673 989
5255 992
14337 995
5849 996
10763 1001
11121 1002
11194 1004
15799 1006
16511 1008
16945 1009
21157 1010
14325 1014
21297 1018
2326 1019
10253 1036
19048 1037
20182 1038
19023 1040
17501 1041
19379 2174
2912 2191
6266 2193
26088 3498
2072 3499
3323 4249
6905 3234
14020 3063
21653 2483
7475 3065
10931 3066
11607 2389
19351 3481
20765 2165
2203 2166
7594 2167
21130 3203
9335 2252
25235 2254
24582 1347
2202 1353
2936 1354
10354 1355
14051 1356
17233 1358
18905 1359
21563 1360
24271 1364
22371 1365
6641 4209
15920 1349
24583 1390
3996 1392
10555 4167
15850 4168
20533 4169
22603 4170
23513 4337
25034 4166
4635 3269
4759 3757
20191 3276
24860 3284
5851 2395
21646 3283
8047 3384
16953 1050
25934 1395
10062 1397
23681 1398
23727 1399
3345 1400
3430 1401
10463 1403
10526 1404
17746 1405
18189 1407
21438 1084
22439 1411
22611 1412
5995 2599
7999 2988
8178 1386
8868 2989
10824 2231
19806 2479
23304 2505
14606 2506
14562 2507
15912 2508
22245 2510
14972 2512
17158 2489
17162 1761
17403 3190
20149 3191
20519 3192
21389 3193
23912 3194
23918 1370
8215 1371
11426 1599
11811 2230
11840 1597
19012 2491
20305 2492
23673 2493
14286 2494
22806 1598
22953 2496
23950 2497
2394 2758
20618 3408
8708 2589
23776 3513
9485 2199
10435 3642
14698 3643
21823 3644
24140 1466
1075 1469
8737 1442
13481 1774
13862 2218
16742 2222
24330 2477
24402 2478
4451 2223
9983 2224
15205 1333
15666 2154
15667 2752
21031 2761
2607 1586
3450 3161
5130 3162
5353 2162
5835 3163
9450 3406
12165 2754
12722 2765
20003 2766
20184 2762
10871 2767
2614 2768
7449 4008
11611 2918
20779 2920
6078 2921
6913 2864
930 2865
3946 3005
4760 3088
17189 3339
1024 3340
12552 1367
16513 1368
5505 1369
18001 1302
25480 1304
17089 2088
19454 2090
3207 2096
1149 2104
4724 2110
6832 2127
920 2130
1217 3418
5488 2131
12735 2132
24126 2133
5597 2135
5601 2136
6183 2137
8854 2138
23836 1572
5227 2925
7015 2926
9647 2927
18158 2928
16765 1377
3910 1378
4284 1379
15194 1380
15623 2449
21864 2451
25094 2160
26067 2015
3955 2016
9269 2003
21167 2021
6190 2007
10656 1962
11002 1963
11403 1141
11629 1142
20106 1144
23092 1146
25610 1147
10543 1150
9217 1153
11734 1155
21608 1159
25585 1161
10923 1162
11821 1163
16013 1164
17392 2360
21469 2370
23503 1790
13621 1732
25388 2375
6427 3149
16835 2376
18677 2377
21696 2378
25854 2379
8774 2380
9964 2362
17021 2363
19517 2364
22989 2366
23485 2368
11442 1791
13651 2369
8069 2259
8787 1722
3858 2260
15066 2261
23161 2262
23266 2263
22888 2264
2127 2266
15829 2267
16106 3117
17670 2277
18612 2278
19234 2279
19724 3478
22876 1973
9392 1974
16469 1975
24252 1976
3944 4047
12491 4048
12547 4049
13384 4050
14079 4066
21032 2784
22105 1749
25181 1750
25911 1752
8161 1754
8340 1755
12054 1756
21468 1757
7090 1758
11792 1760
13647 1773
16831 1316
3411 1317
4428 1328
5392 1331
6317 1332
7541 1334
15664 1336
17665 1337
20424 3750
24734 3751
18489 3752
1258 3720
12032 3722
14619 1992
8976 1994
25250 1995
6638 1996
9986 1997
11719 3626
17731 3627
3204 2603
11557 2604
14667 2605
20046 2606
25937 2610
17086 2611
19060 2612
9944 2614
21341 2615
25569 3428
2771 2501
5655 1431
13619 2521
18585 1440
11841 3085
23901 3273
3068 3759
5631 3760
16067 3761
19569 3762
3524 4305
12849 4306
715 2840
16554 2842
1674 2769
13191 2846
17559 2044
851 2046
2713 2488
3265 1785
13199 1786
15479 1795
16837 1796
18032 1797
19568 1798
20004 1799
23204 1800
19927 1801
6530 1802
6707 1803
6911 1804
15971 1805
17599 1806
22224 1807
22826 1808
8680 1809
13813 2079
19204 2976
19206 2977
20344 1736
1408 2980
7024 2232
9147 2228
16332 2234
17001 2982
17393 2983
17827 2985
18013 2986
19940 3606
2474 3607
6746 3608
10476 3609
16568 3610
21771 3611
2001 2913
3633 2914
7935 2915
22278 2916
1341 1596
4273 1574
4422 1585
5259 1593
7355 1582
14357 3081
18344 2716
12852 3343
16333 2969
4875 1787
11284 2753
24589 3068
2559 3613
5543 3614
5767 2794
24097 1960
15206 3351
21317 1792
2385 2637
5636 2638
10956 2738
11602 3615
17988 3616
20616 3617
20783 3618
8547 3102
10791 3619
10919 3620
15600 3621
15608 1348
16644 1350
1059 1351
6154 1352
7725 1393
11125 1394
13705 3006
15435 3007
16039 3000
17821 3002
20536 1428
23529 4076
2848 1429
10552 2149
12884 1436
25988 1437
18161 1444
1073 1445
3034 1446
18399 1447
19686 1448
20335 1449
22523 1450
6156 1451
14165 1453
16485 1454
18381 1455
22242 1456
2010 1457
2917 2743
6031 2929
8064 1563
20599 2930
3681 2931
13328 1458
17082 1459
24592 1460
17884 1461
20538 1462
24032 4077
10588 4248
3916 3721
5352 4149
5729 4151
24614 4152
4102 1735
26176 2942
2356 2991
17419 2993
18105 2994
4433 2640
7625 2718
8134 2722
11899 2069
12687 2072
13711 2073
16475 3554
16899 3555
17843 2860
19167 2882
21727 2862
23409 1640
23863 3219
1675 3220
3058 3221
11815 4035
23420 1965
3006 3039
7481 1721
7578 3101
8122 3541
9769 4037
10376 4038
10652 2426
12874 2427
13999 2428
15253 2435
15325 2437
16647 2439
21614 2442
22489 2405
23149 2406
23412 2410
25443 2411
1519 2412
25435 2444
4117 2445
4301 2446
16471 2004
4798 2036
17991 2296
25904 2304
12743 2309
21712 2312
25729 3037
3998 3038
8513 1664
10501 1665
13029 1667
13622 1668
13682 1670
16749 1644
26059 1659
26065 1671
2926 1672
14781 1673
17017 1674
17161 1677
11113 1653
25050 1678
23267 2522
12016 2057
13469 2310
18250 4532
20667 3822
4189 1964
16234 1638
17251 1641
18373 1658
20557 1660
8298 1655
12709 1637
18443 1639
18658 1702
18667 1704
26157 1650
19356 1705
3052 1657
6711 3400
22725 3645
6904 3646
18271 3553
1736 2526
1914 2527
14424 1583
19462 1584
500 1587
4631 1588
10615 1591
12074 1592
16754 1594
19612 1595
23137 1718
24454 3460
20014 3461
8374 3462
17465 3463
20089 3464
25358 3452
8730 3465
13177 2574
19723 3466
24885 1601
9732 3695
1405 3955
2511 1573
3547 1575
7452 1576
13369 1577
14346 1579
19244 1580
23989 1581
15821 2169
8150 2175
9066 2186
14308 1504
15175 1507
16265 1511
16274 1513
22722 1514
1966 1515
8048 1516
10918 1525
15717 1526
3553 2008
15571 1570
20253 1561
2806 1564
9209 1565
10496 3691
17149 3781
10497 3806
5629 3692
3948 2396
3451 1783
7038 1784
13683 1966
21203 2294
21778 2297
19710 2577
23163 2291
23225 2293
3683 2295
3845 2214
6748 1977
14664 1978
16065 1979
16963 1980
20650 1981
4032 2661
19703 3379
11495 3380
5415 3381
3228 3383
6556 4375
17194 3262
9946 3263
1862 3264
3194 3265
3532 2891
5400 2912
17934 3367
24129 3368
4351 3105
3875 3916
1104 1600
5427 1604
13529 1606
1028 1608
8541 2281
9924 2220
11898 3696
12262 3697
2526 3698
7853 3482
14976 3483
24781 2325
21853 2327
24489 1610
884 1611
5469 1612
5575 1615
10183 1616
10966 1617
16624 1619
24699 1623
8593 1624
17923 1625
18122 3566
6073 3567
13153 3488
24240 2475
5202 1632
20787 2047
2348 2048
6631 2049
11979 1642
17273 1643
4290 1648
8200 1652
12302 1654
21017 1656
1029 1662
3819 1663
1045 1679
6265 1680
2622 1681
6355 1682
7194 1683
20960 1684
7542 1685
15322 1686
18415 1687
4633 1688
11593 1690
16818 1691
23648 1695
23066 1696
14500 1701
17918 1707
12866 1713
20196 1714
3754 1715
3821 1716
2004 1717
21191 1720
21663 1723
22203 3580
1600 2827
15905 2828
21635 2824
21658 2825
23490 3401
16543 3402
4793 3403
15516 3405
16553 3914
16563 3915
16565 2227
22964 4155
8442 4372
10412 2727
15125 4195
21220 4196
3119 3871
14316 3436
19004 3872
8887 3873
6072 2524
1124 2484
1818 2487
5739 3514
17039 3515
22028 3516
23454 3517
1267 3046
18102 3047
1151 3048
2410 3049
3321 3050
3843 3051
6301 3053
10247 3574
15414 3575
18743 3576
22032 3577
22903 3578
23674 3579
24294 3054
24706 3055
25998 3057
4640 3177
18215 3061
19248 3445
7126 2579
13970 3180
882 3062
1498 2182
3033 2187
3048 2195
3511 2268
7091 2189
14707 3179
18340 3451
2085 2188
2568 2196
3099 2270
4468 2271
9892 2272
10358 2273
10458 2274
11011 2275
13971 1731
18783 1734
20552 1737
20553 2940
23355 2938
25086 2943
25180 2474
25785 2957
11109 2958
21562 3255
12260 3256
25491 2595
25844 4007
6184 4022
19442 4023
22728 4325
21547 4240
9126 4193
11610 2423
18558 2219
2190 2053
14933 2237
1109 3634
10655 3635
12742 2600
18445 2602
4625 4268
20959 3699
25125 2285
10539 2286
8476 2287
2143 2288
10388 2289
4254 2298
9337 2301
1497 2302
16890 2303
1915 3012
15186 3013
2877 3638
21154 3639
11944 3640
16429 3641
25784 3968
10986 3969
14414 3407
22119 2337
8523 3726
13749 2962
11822 2963
21016 3103
21169 3104
820 3107
3953 3109
1098 3111
4483 3113
16107 3114
26171 3115
4139 3116
4247 3119
4250 2563
11379 3122
12712 3123
14324 3069
20002 3070
21409 3071
22696 2745
23714 2748
8378 2749
7584 2750
12049 2751
17382 3087
10850 3348
5062 3349
19881 3356
4712 3967
11017 2961
26173 2966
748 2967
10478 3753
16675 3754
17304 3755
18587 3756
19404 2680
3007 2681
25537 3035
21546 2685
3876 2686
9338 2687
12611 4277
12861 3769
17208 3350
21929 3150
1153 3353
4183 3355
6010 1969
12370 1970
16834 3342
16853 3495
21199 3496
22299 3497
22309 3666
4148 3667
9863 3668
20248 3388
23135 3389
2451 1982
4379 1983
6541 1985
7071 1986
8195 1987
8216 4053
11227 4054
14498 4055
15258 4056
15951 4057
6878 4058
1880 1998
15961 1999
14690 2000
22254 2009
749 2037
3607 2043
8031 4267
15907 4551
19164 4552
3073 2050
7246 2051
17240 2052
25091 2055
1550 2056
20952 2058
24280 2059
4988 3486
17125 3487
24640 2476
4685 2311
15415 3040
24152 3041
18094 3074
7046 3075
14710 3076
15682 3077
16415 3552
17157 3246
20947 2789
23093 2797
1499 3730
20261 3731
24002 2795
23653 3733
22462 2796
24122 3292
3721 3299
16278 3301
24705 3746
2169 2723
5938 2725
16084 2726
19581 3679
22147 3415
23306 3416
864 3223
20383 3224
26013 4349
16213 4350
24870 4329
6703 3748
12803 3749
15596 3336
17592 3747
18920 2756
16335 2757
19078 2759
20086 2760
21100 3672
21772 4436
25540 3675
10352 4437
8520 4438
16177 2150
5060 2151
1608 2152
20030 2158
2773 2159
6529 2168
6543 3810
8511 3811
24341 3237
834 3238
2490 3239
5570 3813
3193 3814
19469 3815
8630 3816
22815 3817
8726 3818
9491 3819
11293 3435
11405 3718
15196 3683
15938 3997
17126 4226
17764 4227
8742 2170
23063 2172
25615 2173
10807 2176
21466 2177
9629 2178
10153 2179
15209 2181
15669 4194
17984 2197
8871 2198
17090 2200
3631 2201
13684 2999
18283 3003
19301 3004
25152 3656
5359 3657
9504 3663
22436 3664
24034 3011
19962 3014
5225 3015
7093 3018
8000 3020
17395 2835
18582 2836
22375 2837
23419 2537
3752 3534
4650 3535
16900 3536
22246 3538
24174 3540
24149 3133
10467 3542
13175 4211
20892 4212
21816 4213
3188 2952
5830 2953
14371 2954
15774 2469
2826 2470
8206 2471
12865 2472
17688 2473
3292 2480
10391 2481
2352 2485
939 3423
1834 3147
5056 2248
13664 2250
14037 2253
16940 2645
19613 2646
24121 3661
3826 3662
12369 4197
13498 4052
19111 2283
22239 2284
6033 2306
6533 2307
8155 3965
23233 3966
24204 2413
8398 2415
9327 3235
10468 2644
17950 2333
18522 2668
6709 2669
18003 2671
5545 2672
2475 3320
3209 2950
15973 3437
21928 3438
24765 3441
19909 3442
23474 3443
1833 3444
8177 3446
12107 3447
4819 3450
7863 2800
8596 2801
13635 2802
17848 3880
4467 3875
6316 3876
17235 3877
2124 3878
3526 2811
15786 2812
1105 2805
14985 2806
16751 2807
880 2808
12053 3685
13604 3670
9095 2945
12043 3302
18742 3298
22890 3365
26044 3366
10081 3360
866 3361
17825 2944
20173 2946
4052 2381
11566 2382
11808 2383
18560 2386
15249 2387
15624 2388
3685 3479
5485 3480
23870 2398
11902 2399
23622 2400
25057 2402
25229 2403
1322 2404
10925 3155
15195 3156
16068 3157
17467 2417
25674 2419
853 2421
8441 2422
16070 2424
16087 3172
17231 3174
19434 3175
23944 3176
24499 2689
6175 2893
7072 2894
9890 2895
17981 2896
18234 2890
24332 2897
18447 2898
13616 2899
15214 2691
5529 2900
15568 2901
17163 2693
22954 2902
4000 2694
1959 2903
9514 2904
9723 2905
2459 2906
6380 2907
22879 2908
13859 3321
4141 3322
9267 3324
16091 3325
17755 3326
20053 3327
22395 4786
26168 3241
1599 3242
18237 3243
2054 3244
1552 3245
8719 3387
9760 3508
10355 3509
13741 3512
9984 3338
10967 3391
16336 3303
20435 3304
20479 3632
21433 2499
25783 2502
16011 3628
22929 3629
22993 3630
14970 3631
7039 2519
12166 2520
13389 2503
15960 3572
18782 3684
5862 3970
7592 3972
7959 3973
8179 2513
19642 2515
26004 2535
6583 2536
15974 2538
17564 3745
23883 3134
4781 3135
19697 3136
25668 3137
4878 3138
5184 3139
8643 3140
11967 2554
21779 2557
24503 2560
24942 2561
2443 2562
8625 2569
14369 2570
15395 2572
17583 2573
7769 2580
15977 2581
17118 2582
13702 2583
18152 2584
19978 2590
12868 2591
17180 2592
18154 3225
17099 3227
13864 4138
6095 4139
7446 3458
25236 3459
5731 2883
2536 2859
16041 2861
25870 2596
2770 2639
14033 2641
10991 4270
17306 4271
19924 3079
25383 3072
10004 3073
25234 3009
2342 4235
2516 3345
19964 3346
21998 2830
25571 2734
5444 2735
13931 2737
21549 2739
4847 2740
10842 2741
4143 4024
6808 4025
7802 3800
17127 3801
20554 3802
21777 3803
22108 4642
23555 4643
25718 3337
19457 2932
3174 3504
6726 2729
6813 2730
13703 2731
20854 2886
12411 2887
12645 2889
16803 2892
3291 3648
5843 3650
11213 3651
25877 3652
20515 4691
12106 4692
2340 4693
2009 4583
7309 2755
8156 3409
8403 3410
20215 3411
21333 3412
12263 3413
5519 3414
5730 2959
15252 2960
21289 4632
26167 4633
22830 4634
15172 4506
3654 4507
14154 4508
15882 2785
10186 2786
4033 2787
20782 2788
23730 2790
6185 2793
24412 4278
2950 2798
2350 4505
25405 4509
5216 3729
17290 3728
20155 3732
26005 4018
887 4019
9634 2814
18972 2815
25321 2816
20066 2817
6075 2819
13932 2820
14499 2821
20345 2822
11617 2826
21029 2829
3850 4996
9128 4997
1150 2831
1611 2832
8128 2834
9974 2838
19877 2839
20495 4043
21638 2843
21708 2845
25648 2847
8877 2848
22738 2849
6629 2852
17817 2853
18684 2854
19501 4237
20942 4238
3507 4191
12419 4239
19313 2855
21755 2856
24506 2863
24595 2884
3452 4280
3594 4281
9968 4282
14383 3771
14652 3772
21592 3774
23713 3775
5059 2909
21530 2910
13485 2911
10719 2933
11034 2934
18764 4198
22433 3378
21177 4208
18171 2936
5413 2937
20526 2939
6943 3363
22748 2955
1992 4795
12112 4796
17440 4471
1194 3266
21858 3267
5360 3268
19544 3964
6506 4177
16042 4178
21811 3059
4252 2990
24451 3008
23856 3010
16155 4069
9483 4070
12797 4071
21584 4072
19903 4232
2851 4233
1860 3028
20174 3030
10676 3032
24961 4430
7586 3042
2569 3043
5546 3044
2810 5084
4371 4415
15998 4416
18145 3682
21799 3956
24183 4339
5241 4340
1404 4078
2562 4079
11199 4080
18552 4084
6708 3095
8151 4302
9020 3369
9021 3370
9208 3371
9722 3372
16719 3373
16882 3374
17016 3375
17022 3376
19586 3377
19678 3421
20884 3422
24861 3295
1125 3296
8055 3297
8526 3208
9486 3417
11537 3998
18880 3999
18909 4000
21051 4204
23476 4001
10878 4002
14078 3680
18455 3152
5483 4129
18884 4130
22727 4133
23175 4173
21206 4774
25662 4775
5240 4776
16230 3187
4727 3188
23240 3189
3980 3195
16962 3196
9094 3197
19061 3198
2080 3199
4069 3200
3982 3201
9090 3202
1968 3205
15942 3207
9135 3347
2184 4403
23866 4404
12696 4154
9913 3734
22382 3735
5402 3736
15947 3737
6081 3229
6919 3230
19358 3231
23616 3232
7281 3240
2144 3433
2774 3434
3055 3706
3652 3824
3655 3825
3766 3826
3814 3270
6388 3272
7096 3763
9249 3770
12051 3277
12423 3278
12885 3280
14808 3281
15173 3286
15189 3287
15999 3288
18942 3289
19705 3290
20250 3291
21030 3604
21825 4171
25108 3569
6807 3581
6806 3582
8864 3584
16131 3585
16235 3586
16280 3587
17137 3588
23810 3589
7878 3590
17575 3591
17683 3592
12266 3593
15678 3594
17134 3595
21436 3597
23488 3598
23915 3599
25575 3600
9988 3601
14620 3602
2119 3603
7637 3911
2044 4457
4490 3913
4825 3622
9593 3623
15250 4108
15589 4109
17581 4110
15898 3494
12644 4272
20528 3385
8457 3386
18030 3653
9037 3654
13483 3655
14711 4256
23623 3917
1436 3918
20064 3919
20331 3920
750 3921
19641 3922
18097 3923
13834 3782
16225 3429
21404 3430
26058 3431
5361 3432
11878 3454
18557 3456
8310 4264
21401 4266
19996 4111
20078 3991
21131 3467
23859 3468
2563 3469
8437 3471
12071 3472
7011 4611
8702 4612
18159 3475
15191 3476
11066 3477
914 4017
1493 3484
2243 3485
3442 4896
3811 3491
5162 3492
18633 3493
10446 3502
1353 3503
3286 3505
15478 3506
24203 3571
6280 3573
15200 3570
10445 3951
8925 3952
16505 3953
20255 3954
21450 3924
11631 3549
15495 3550
24970 3551
23786 4219
25534 4220
839 4221
7098 3556
12642 3557
21184 3560
2386 3563
6503 3671
7695 3673
3878 3674
16102 3677
16584 3624
22463 3625
4469 4628
5425 4629
2784 4630
16109 4631
16224 4483
21808 3681
24161 4187
21927 4188
6626 4189
10805 4190
25069 4192
25628 3649
5533 4013
19810 4014
20772 4015
23248 4016
26193 4299
19801 3658
8678 3659
15626 3660
8301 4073
6632 3995
8386 3996
14345 4575
9391 3686
3185 3687
13291 3689
20547 3690
20792 3693
7885 3694
19551 3807
22190 3808
9758 3700
17006 3889
2879 3890
7854 3891
11844 3892
1427 3707
16935 3708
2316 3709
1855 3710
2527 3711
5057 3712
17124 3727
5698 3738
11713 3739
25598 3740
25661 3741
1825 3742
6226 3743
14317 3744
20775 4833
20940 4179
6039 3764
6176 3765
6303 3766
15161 3767
20949 3768
4293 4284
19051 4475
1025 4476
1026 3783
1696 3784
15197 3785
18195 3786
1962 3787
4425 3789
7278 3790
9248 3791
2656 3792
14560 3793
24251 3794
16703 3795
13202 3796
22253 3797
4128 4823
5738 3798
5478 3799
6538 4603
8349 4618
12042 4619
17252 3821
18142 3823
16040 4291
1549 4292
22766 4294
23168 4293
1490 3832
20813 3834
15418 3835
17341 3837
24470 3838
7857 3839
25114 3840
12614 3842
10640 3848
15247 3849
1782 3850
13521 3851
18784 3852
6076 3853
7311 3854
12615 3855
13990 3856
15163 3858
15357 3859
18913 3860
26020 3861
2339 3862
24594 3863
5477 3864
13497 3865
7247 3866
9459 3867
11829 4081
5417 4086
20513 4087
9103 4088
24877 4089
4199 4090
6443 4091
19932 4092
19936 4093
25864 4094
2118 4097
26132 4098
9994 4099
17276 4100
18383 4102
25962 4103
22283 4104
15824 4105
21195 4106
15171 4107
17864 3879
23417 4553
2455 4554
14353 3885
14886 3886
2043 3887
6315 3888
5156 3893
7483 3895
10904 3897
12707 3898
14282 3899
17933 3900
11035 4623
8626 4214
11459 3927
6706 3928
8428 3929
10637 3930
18603 3931
21340 3933
6918 3934
7650 3935
20636 3936
4103 3937
12312 3938
17994 3939
26021 3941
7727 3942
16433 3943
16570 3944
2073 3945
23064 3946
11502 3947
12158 3949
19256 3950
13675 4344
4186 4345
12616 4346
4485 4347
16266 4348
1822 4262
3773 3957
12887 3959
21695 3960
855 3961
4261 3962
7772 3963
17076 4646
19018 4647
17595 4648
8443 3985
15248 3986
10346 3987
15687 3988
19143 3989
19383 3990
16819 3993
8184 3994
10500 4468
17546 4004
22466 4005
25159 4006
17818 4009
23219 4010
23809 4469
9151 4039
25856 4041
13036 4042
2997 4045
6888 4046
8449 4286
13490 4287
19528 4288
22577 4289
25440 4586
5363 4205
4634 4206
17122 4587
2259 4443
10317 4444
11816 4445
6448 4446
1346 4447
2136 4112
9591 4113
17453 4114
2186 4115
6012 4117
10677 4118
11030 4119
13704 4120
17015 4121
23946 4126
25611 4128
20560 4132
21314 4134
1050 4135
17120 4136
9595 4140
6744 4141
6737 4142
6666 4143
17986 4145
21190 4146
24713 4147
22746 4148
1154 4160
12017 4161
12930 4162
8704 4164
17591 4174
12161 4176
19162 4180
25719 4181
4380 4182
16756 4397
16598 4185
1793 4186
5481 4388
22088 4389
4641 4387
17937 4390
21660 4502
25977 4503
23300 4504
24960 4199
11903 4200
12157 4201
18597 4202
24210 4207
3825 4215
20893 4216
12749 4217
14771 4218
24127 4223
25116 4224
12689 4477
17560 4333
21697 4334
11626 4335
16941 4228
23465 4229
598 4230
16227 4234
17297 4242
17861 4243
3849 4244
7010 4245
7506 4246
9312 4247
20781 4525
3988 4250
16348 4251
19247 4252
8728 4253
3136 4254
14869 4255
4017 4257
7888 4258
17291 4259
19223 4260
25089 4263
13035 4265
16110 4295
26130 4296
9893 4297
938 4298
5087 4274
751 4275
11108 4276
7638 4283
7648 4285
5829 4300
19871 4301
25526 4303
5542 4304
14747 4308
17463 4309
21550 4310
24220 4311
25179 4312
25553 4313
25554 4314
1879 4315
21548 4316
5182 4317
13311 4318
16281 4319
24728 4321
2762 4322
22378 4323
18379 4324
1669 4326
12703 4327
5260 4328
9597 4330
11820 4331
17019 4341
17121 4342
4488 4343
23686 4351
1613 4352
13992 4353
15217 4354
15665 4355
16154 4356
21159 4357
4959 4358
6867 4360
2142 4361
13283 4362
23858 4363
24601 4364
21814 4365
1279 4366
14550 4367
19739 4368
20568 4369
17502 4370
17740 4373
9266 4376
1293 4377
2621 4378
2623 4380
3283 4381
3812 4383
3820 4384
3824 4386
4834 4391
5131 4392
6222 4393
6456 4394
6525 4395
6868 4396
7525 4398
8448 4399
9433 4400
12802 4401
13482 4402
13526 4405
14157 4406
14373 4407
15148 4408
17600 4409
17819 4410
17823 4411
17824 4412
18000 4413
18444 4414
22324 4417
22901 4418
24474 4419
24479 4420
24615 4421
26039 4422
16545 4424
21149 4425
23418 4426
17724 4427
25957 4428
25958 4429
8263 4431
12046 4433
19126 4435
17882 4440
14135 4441
15388 4442
15387 4449
7524 4450
15372 4451
18685 4452
22083 4453
8504 4454
21152 4456
11522 4458
8857 4459
12235 4460
22129 4461
25387 4462
23216 4463
8530 4464
10906 4465
21144 4466
1289 4467
2750 4472
20668 4473
14149 4479
3750 4481
8147 4482
11616 4484
14662 4485
16648 4486
19560 4488
22199 4489
23530 4490
4750 4491
19147 4492
14843 4493
20569 4494
22233 4495
13832 4496
10990 4497
18613 4499
12612 4501
19208 4510
10116 4511
11279 4512
9832 4513
17750 4514
22976 4515
25609 4516
2388 4517
16955 4518
4704 4519
8801 4521
12695 4522
15420 4526
11926 4527
22487 4529
25891 4530
5083 4533
5084 4534
8711 4535
12745 4536
6455 4537
11929 4538
951 4539
25676 4540
21293 4541
15715 4542
925 4543
8615 4544
4263 4545
5395 4546
6859 4547
11141 4548
17999 4550
18282 4555
18314 4556
4275 4557
17878 4558
14809 4559
15524 4560
1556 4561
11965 4562
14096 4563
23154 4564
5212 4565
6628 4573
19015 4574
19444 4576
25139 4577
9441 4578
4242 4579
14841 4580
7595 4581
8118 4582
15802 4584
11664 4585
7632 4588
14170 4589
20414 4590
11427 4591
9074 4592
12425 4593
18275 4594
17114 4595
20489 4596
7088 4597
7546 4598
12318 4599
19800 4600
7958 4601
25130 4602
14543 4605
21221 4606
11528 4607
22244 4608
19450 4609
22503 4610
16486 4613
1823 4614
2003 4615
22031 4616
3431 4617
18370 4620
2611 4621
16620 4622
1908 4624
16621 4625
17173 4626
18278 4627
19440 4635
10872 4636
2666 4637
24250 4638
9630 4639
10252 4640
16820 4641
3772 4644
14159 4645
5144 4649
24852 4650
8869 4651
14174 4652
18746 4653
22051 4654
22075 4655
14616 4656
10514 4657
5661 4658
16608 4659
20328 4660
11583 4661
3199 4662
19507 4663
12798 4664
6835 4665
5825 4666
9018 4667
14374 4668
18299 4669
19687 4670
628 4671
9413 4672
13641 4673
915 4674
10438 4675
18624 4676
20558 4677
18066 4678
12787 4679
21621 4680
17343 4681
10684 4682
4018 4685
3964 4686
9414 4687
12640 4688
21101 4689
2593 4690
10433 4694
23146 4695
23480 4696
23652 4697
778 4698
1048 4699
22235 4700
10338 4701
7523 4702
12458 4703
12460 4704
14844 4705
16651 4706
19378 4707
3105 4708
11418 4709
19583 4710
21821 4711
22719 4712
21684 4713
22720 4714
24169 4715
8452 4716
24816 4717
9871 4718
17179 4719
15913 4720
19598 4721
11216 4722
13815 4723
15150 4724
2295 4725
5826 4726
11114 4727
18586 4728
19081 4729
24726 4730
3239 4731
11465 4732
11577 4733
2596 4734
23462 4735
23464 4736
25644 4737
15007 4738
19102 4739
25449 4740
17141 4741
11462 4742
5814 4743
17690 4799
1656 4744
4040 4745
5828 4746
11842 4747
21531 4748
3102 4749
12414 4750
18562 4751
24439 4752
14431 4753
20537 4754
20543 4755
21339 4756
1092 4757
3196 4758
23226 4759
9631 4760
10898 4761
24207 4762
1281 4763
3653 4764
10163 4765
12551 4766
17588 4767
18621 4768
25287 4769
9962 4770
2506 4771
10682 4772
22428 4773
6354 4777
15188 4778
3684 4779
5445 4780
19447 4781
20434 4782
9959 4783
6008 4784
20914 4785
5081 4787
12256 4788
17237 4789
7094 4790
1107 4791
6973 4792
12320 4793
12321 4794
19222 4797
1857 4798
3967 4800
4019 4801
5626 4802
24957 4803
8557 4804
8308 4805
21288 4806
26191 4807
3516 4808
7053 4809
12618 4810
13144 4811
15413 4812
18634 4813
1662 4814
2613 4815
1378 4816
7877 4817
3852 4818
11622 4819
15422 4820
2984 4821
8731 4822
10564 4824
8970 4825
15187 4826
3383 4827
2476 4828
18984 4829
1821 4830
21386 4831
2452 4832
9027 4834
14153 4835
10133 4836
18218 4837
3067 4838
18721 4839
1668 4840
4835 4841
19443 4842
23492 4843
24708 4844
844 4845
890 4846
11197 4847
1916 4848
20953 4849
24463 4850
15706 4851
20776 4852
20260 4853
19252 4854
3195 4855
24597 4856
17280 4857
2785 4858
3682 4859
19956 4860
7861 4861
2355 4862
12704 4863
25219 4864
11012 4865
23775 4866
2515 4867
8628 4868
13387 4869
14639 4870
22048 4871
18366 4872
25217 4873
8146 4874
21028 4875
10897 4876
5548 4877
9979 4878
6159 4879
19554 4880
24878 4881
5577 4882
23881 4883
12387 4884
19520 4885
23084 4886
23554 4887
19931 4888
23553 4889
12617 4890
17388 4891
6037 4892
16800 4893
800 4894
13167 4895
15485 4897
4081 4898
13625 4899
24471 4900
1699 4901
2303 4902
18771 4903
24593 4904
25875 4905
3100 4906
18098 4907
19380 4908
1695 4909
9618 4910
11285 4911
12193 4912
4051 4913
21187 4914
21313 4915
26092 4916
21310 4917
11879 4918
22618 4919
25043 4920
24490 4921
25829 4922
25849 4923
13355 4924
3074 4925
23416 4926
1101 4927
17854 4928
19911 4929
25487 4930
6229 4931
6423 4932
7647 4933
10847 4934
10148 4935
11009 4936
20157 4937
21344 4938
22990 4939
23471 4940
11721 4941
12151 4942
15221 4943
3206 4944
6535 4945
6579 4946
25649 4947
25839 4948
510 4949
22285 4950
12290 4951
17307 4952
20031 4953
25853 4954
8404 4955
22891 4956
7916 4957
21515 4958
21523 4959
4656 4960
18196 4961
23303 4962
4265 4963
5267 4964
5271 4965
7597 4966
10559 4967
18245 4968
21594 4969
6389 4970
6914 4971
18279 4972
7468 4973
10002 4974
12041 4975
14384 4976
26042 4977
17951 4978
833 4979
677 4980
4426 4981
4826 4982
4021 4983
26022 4984
6161 4985
7055 4986
19712 4987
21024 4988
8071 4989
17178 4990
23215 4991
2329 4992
24846 4993
3062 4994
16892 4995
19572 4998
11968 4999
8969 5000
13022 5001
8077 5002
6300 5003
2117 5004
21809 5005
15609 5006
1174 5007
2712 5008
21018 5009
5479 5010
16124 5011
20807 5012
24334 5013
8629 5014
16483 5015
7482 5016
15681 5017
20793 5018
6291 5019
17585 5020
15218 5021
7957 5022
18895 5023
8037 5024
14621 5025
19608 5026
4836 5027
19683 5028
21558 5029
22744 5030
15181 5031
2331 5032
17461 5033
22920 5034
21579 5035
2487 5036
16232 5037
10356 5038
19062 5039
4372 5040
10880 5041
3851 5042
7807 5043
11828 5044
10432 5045
5774 5046
16891 5047
2624 5048
24202 5049
15572 5050
7356 5051
8811 5052
22021 5053
2332 5054
18544 5055
21596 5056
16783 5057
15642 5058
17563 5059
12252 5060
22404 5061
9026 5062
18669 5063
19866 5064
25545 5065
8538 5066
7536 5067
7534 5068
1344 5069
18126 5070
4276 5071
24159 5072
717 5073
17865 5074
1376 5075
4267 5076
1560 5077
4365 5078
22000 5079
25136 5080
15259 5081
5660 5082
15847 5083
10499 5085
16718 5086
25599 5087
11969 5088
1967 5089
18996 5090
15712 5091
19596 5092
1292 5093
6648 5094
10341 5095
14840 5096
10936 5097
19509 5098
19510 5099
23687 5100
17293 5101
15668 5102
25614 5103
26006 5104
10178 5105
3744 5106
24133 5107
3989 5108
17471 5109
10679 5110
5268 5111
8671 5112
23757 5113
830 5114
16802 5115
9053 5116
12504 5117
1589 5118
7603 5119
23759 5120
15208 5121
1981 5122
5468 5123
5668 5124
6908 5125
8187 5126
18034 5127
19879 5128
25444 5129
3818 5130
3388 5131
6735 5132
23167 5133
13325 5134
14502 5135
20926 5136
5119 5137
10517 5138
6446 5139
8036 5140
7596 5141
11196 5142
19170 5143
6350 5144
4495 5145
8372 5146
11823 5147
13628 5148
15246 5149
16014 5150
20332 5151
23710 5152
5137 5153
6884 5154
1013 5155
19011 5156
2123 5157
20803 5158
6356 5159
25231 5160
1551 5161
8058 5162
2328 5163
8336 5164
24464 5165
9867 5166
4037 5167
25663 5168
8739 5169
13357 5170
25115 5171
25852 5172
3200 5173
4264 5174
17468 5175
25510 5176
3279 5177
25176 5178
10513 5179
25059 5180
25595 5181
7477 5182
19257 5183
22961 5184
19906 5185
26102 5186
12121 5187
13034 5188
6079 5189
19941 5190
15899 5191
16338 5192
21390 5193
3844 5194
15688 5195
22692 5196
4955 5197
4954 5198
5409 5199
8623 5200
5839 5201
7026 5202
12192 5203
20883 5204
787 5205
12940 5206
2222 5207
2215 5208
10792 5209
15695 5210
20422 5211
21309 5212
20379 5213
24732 5214
4272 5215
2557 5216
2247 5217
9606 5218
4958 5219
5973 5220
10884 5221
12122 5222
16353 5223
11037 5224
2981 5225
4427 5226
6669 5227
9865 5228
7588 5229
7590 5230
3599 5231
14130 5232
14302 5233
5432 5234
12676 5235
5667 5236
3297 5237
14770 5238
23461 5239
17936 5240
21713 5241
